rot:
  max: 11.392005885660714
  mean: 1.4156027848411918
  median: 0.5119282965356005
  min: 0.020419370891585676
  num_samples: 4540
  rmse: 2.5002005335617814
  std: 2.06084241599703
scale:
  max: 68.21850689192412
  mean: 0.4109281308404604
  median: 0.1609506386607451
  min: 6.640002894187091e-05
  num_samples: 4540
  rmse: 1.8961116525591923
  std: 1.8510476682826724
trans:
  max: 1.4813747409560778
  mean: 0.740855037493647
  median: 0.721594176552234
  min: 0.026533345082554442
  num_samples: 4540
  rmse: 0.7925009849446158
  std: 0.2814100647782046
