rot:
  max: 10.648523170061326
  mean: 1.4168754038857299
  median: 0.5134719748775776
  min: 0.029949875535275398
  num_samples: 4540
  rmse: 2.4714453623672674
  std: 2.024970683498979
scale:
  max: 66.9868895562927
  mean: 0.410737896777372
  median: 0.16017366608003236
  min: 5.542429979410457e-05
  num_samples: 4540
  rmse: 1.8844596174404467
  std: 1.839152639101686
trans:
  max: 1.4808890816845024
  mean: 0.7407056546639017
  median: 0.7226758476138961
  min: 0.030113793724636188
  num_samples: 4540
  rmse: 0.792391338719092
  std: 0.28149452361627836
